GENERAL
Resolution:		1000
PositionX:		-0.76833103586615281
PositionY:		-0.10763293884119845
MaxZoom:		5
ZoomSpeed:		1.005
MaxIteration:	2048

GRAIN
TotalGrains:	10000
MinFrequency:	20
MaxFrequency:	1000
Duration:		10
Attack:			1
Decay:			9
